-10.0	0.0176	
-10.0	0.0150	
-10.0	0.0166	
-10.0	-0.0500	
-10.0	0.0173	
-10.0	0.0180	
-10.0	0.0167	
-10.0	0.0902	
-10.0	0.0142	
-10.0	0.0164	
-10.0	0.0168	
-10.0	-0.0157	
-10.0	0.0158	
-10.0	0.0184	
-10.0	0.0175	
-10.0	0.1248	
-10.0	0.0162	
-10.0	0.0140	
-10.0	0.0163	
-10.0	-0.0372	
-10.0	0.0166	
-10.0	0.0163	
-10.0	0.0167	
-10.0	0.1053	
-10.0	0.0161	
-10.0	0.0174	
-10.0	0.0177	
-10.0	0.0142	
-10.0	0.0161	
-10.0	0.0171	
-10.0	0.0162	
-10.0	0.0358	
-10.0	0.0130	
-10.0	0.0139	
-10.0	0.0165	
-10.0	0.0816	
-10.0	0.0166	
-10.0	0.0182	
-10.0	0.0176	
-10.0	0.0482	
-10.0	0.0170	
-10.0	0.0173	
-10.0	0.0173	
-10.0	0.0070	
-10.0	0.0167	
-10.0	0.0174	
-10.0	0.0171	
-10.0	-0.0068	
-10.0	0.0158	
-10.0	0.0165	
-10.0	0.0162	
-10.0	0.0320	
-10.0	0.0168	
-10.0	0.0165	
-10.0	0.0175	
-10.0	-0.0118	
-10.0	0.0156	
-10.0	0.0179	
-10.0	0.0166	
-10.0	0.0118	
-10.0	0.0167	
-10.0	0.0170	
-10.0	0.0170	
-10.0	-0.0922	
-10.0	0.0232	
-10.0	0.0093	
-10.0	0.0177	
-10.0	0.1018	
-10.0	0.0178	
-10.0	0.0184	
-10.0	0.0159	
-10.0	0.0896	
-10.0	0.0632	
-10.0	0.0166	
-10.0	0.0163	
-10.0	0.0169	
-10.0	0.0153	
-10.0	0.0160	
-10.0	0.0166	
-10.0	0.0167	
-10.0	0.0383	
-10.0	0.0164	
-10.0	0.0164	
-10.0	0.0167	
-10.0	0.0161	
-10.0	0.0158	
-10.0	0.0177	
-10.0	0.0171	
-10.0	0.0152	
-10.0	0.0159	
-10.0	0.0172	
-10.0	0.0169	
-10.0	0.0220	
-10.0	0.0169	
-10.0	0.0169	
-10.0	0.0169	
-10.0	-0.0172	
-10.0	0.0166	
-10.0	0.0141	
-10.0	0.0164	
-10.0	0.0231	
-10.0	0.0157	
-10.0	0.0164	
-10.0	0.0164	
-10.0	0.0219	
-10.0	0.0174	
-10.0	0.0181	
-10.0	0.0171	
-10.0	0.0162	
-10.0	0.0162	
-10.0	0.0159	
-10.0	0.0172	
-10.0	0.0336	
-10.0	0.0159	
-10.0	0.0173	
-10.0	0.0169	
-10.0	0.0176	
-10.0	0.0170	
-10.0	0.0164	
-10.0	0.0160	
-10.0	0.0203	
-10.0	0.0167	
-10.0	0.0161	
-10.0	0.0164	
-10.0	0.0168	
-10.0	0.0161	
-10.0	0.0165	
-10.0	0.0165	
-10.0	-0.0788	
-10.0	0.0178	
-10.0	0.0191	
-10.0	0.0159	
-10.0	0.0952	
-10.0	0.0166	
-10.0	0.0153	
-10.0	0.0173	
-10.0	0.0086	
-10.0	0.0173	
-10.0	0.0157	
-10.0	0.0164	
-10.0	0.0187	
-10.0	0.0180	
-10.0	0.0161	
-10.0	0.0158	
-10.0	0.0171	
-10.0	0.0165	
-10.0	0.0159	
-10.0	0.0168	
-10.0	0.0214	
-10.0	0.0153	
-10.0	0.0159	
-10.0	0.0166	
-10.0	0.0147	
-10.0	0.0169	
-10.0	0.0170	
-10.0	0.0173	
-10.0	0.0151	
-10.0	0.0167	
-10.0	0.0177	
-10.0	0.0164	
-10.0	0.0795	
-10.0	0.0164	
-10.0	0.0174	
-9.9	0.0165	
-9.9	0.0191	
-9.9	0.0168	
-9.9	0.0159	
-9.9	0.0172	
-9.9	0.0182	
-9.9	0.0172	
-9.9	0.0169	
-9.9	0.0163	
-9.9	0.0153	
-9.9	0.0163	
-9.9	0.0167	
-9.9	0.0163	
-9.9	0.0170	
-9.9	0.0306	
-9.9	0.0154	
-9.9	0.0155	
-9.9	0.0164	
-9.9	0.0158	
-9.9	0.0165	
-9.9	0.0158	
-9.9	0.0159	
-9.9	0.0120	
-9.9	0.0169	
-9.9	0.0169	
-9.9	0.0162	
-9.9	0.0137	
-9.9	0.0160	
-9.9	0.0166	
-9.9	0.0170	
-9.9	-0.1109	
-9.9	-0.0171	
-9.9	-0.0567	
-9.9	0.0167	
-9.9	-0.0973	
-9.9	0.0193	
-9.9	0.0454	
-9.9	0.0164	
-9.9	-0.1004	
-9.9	0.0129	
-9.9	0.0806	
-9.9	0.0159	
-9.9	0.0417	
-9.9	0.0191	
-9.9	0.0146	
-9.9	0.0172	
-9.9	-0.0359	
-9.9	0.0060	
-9.9	0.0675	
-9.9	0.0160	
-9.9	-0.0448	
-9.9	0.0151	
-9.9	0.0180	
-9.9	0.0164	
-9.9	-0.0377	
-9.9	0.0200	
-9.9	0.0161	
-9.9	0.0171	
-9.9	-0.0605	
-9.9	0.0159	
-9.9	0.0159	
-9.9	0.0169	
-9.9	-0.0653	
-9.9	0.0240	
-9.9	-0.0182	
-9.9	0.0172	
-9.9	0.0636	
-9.9	0.0166	
-9.9	0.0163	
-9.9	0.0176	
-9.9	-0.0004	
-9.9	0.0157	
-9.9	0.0154	
-9.9	0.0171	
-9.9	0.0145	
-9.9	0.0171	
-9.9	0.0142	
-9.9	0.0158	
-9.9	0.1180	
-9.9	0.0172	
-9.9	0.0130	
-9.9	0.0159	
-9.9	0.0217	
-9.9	0.0172	
-9.9	0.0150	
-9.9	0.0166	
-9.9	-0.0806	
-9.9	0.0160	
-9.9	0.0202	
-9.9	0.0164	
-9.9	0.0106	
-9.9	0.0174	
-9.9	0.0154	
-9.9	0.0161	
-9.9	0.0770	
-9.9	0.0171	
-9.9	-0.0628	
-9.9	0.0168	
-9.9	-0.0244	
-9.9	0.0175	
-9.9	0.0182	
-9.9	0.0159	
-9.9	-0.0105	
-9.9	0.0169	
-9.9	0.0163	
-9.9	0.0160	
-9.9	0.0389	
-9.9	0.0183	
-9.9	0.0177	
-9.9	0.0173	
-9.9	0.0518	
-9.9	0.0161	
-9.9	0.0164	
-9.9	0.0229	
-9.9	0.0158	
-9.9	0.0088	
-9.9	0.0165	
-9.9	0.0159	
-9.9	0.0169	
-9.9	0.0291	
-9.9	0.0172	
-9.9	0.0179	
-9.9	0.0150	
-9.9	0.0250	
-9.9	0.0173	
-9.9	0.0183	
-9.9	0.0170	
-9.9	0.0557	
-9.9	0.0164	
-9.9	0.0222	
-9.9	0.0167	
-9.9	0.0097	
-9.9	0.0158	
-9.9	0.0145	
-9.9	0.0165	
-9.9	0.0316	
-9.9	0.0172	
-9.9	0.0165	
-9.9	0.0162	
-9.9	0.0095	
-9.9	0.0159	
-9.9	0.0163	
-9.9	0.0169	
-9.9	-0.0146	
-9.9	0.0189	
-9.9	0.0163	
-9.9	0.0160	
-9.9	0.0193	
-9.9	0.0164	
-9.9	0.0158	
-9.9	0.0158	
-9.9	-0.0042	
-9.9	0.0168	
-9.9	0.0181	
-9.9	0.0168	
-9.9	0.0107	
-9.9	0.0159	
-9.9	0.0162	
-9.9	0.0172	
-9.9	0.0794	
-9.9	0.0198	
-9.9	0.0115	
-9.9	0.0163	
-9.9	-0.0223	
-9.9	0.0163	
-9.9	0.0176	
-9.9	0.0170	
-9.9	0.0190	
-9.9	0.0154	
-9.9	0.0171	
-9.9	0.0161	
-9.9	0.0229	
-9.9	0.0168	
-9.9	0.0168	
-9.9	0.0165	
-9.9	0.0169	
-9.9	0.0162	
-9.9	0.0166	
-9.9	0.0169	
-9.9	0.0189	
-9.9	0.0166	
-9.9	0.0160	
-9.9	0.0166	
-9.9	0.0151	
-9.9	0.0157	
-9.9	0.0157	
-9.9	0.0161	
-9.9	0.0171	
-9.9	0.0161	
-9.9	0.0171	
-9.9	0.0165	
-9.9	0.0113	
-9.9	0.0162	
-9.9	0.0155	
-9.9	0.0168	
-9.9	0.0172	
-9.9	0.0175	
-9.9	0.0166	
-9.9	0.0163	
-9.9	0.0147	
-9.9	0.0163	
-9.9	0.0166	
-9.9	0.0163	
-9.9	0.0183	
-9.9	0.0161	
-9.9	0.0157	
-9.9	0.0164	
-9.9	0.0206	
-9.9	0.0171	
-9.9	0.0161	
-9.9	0.0174	
-9.9	0.0158	
-9.9	0.0162	
-9.9	0.0172	
-9.9	0.0169	
-9.9	0.0166	
-9.9	0.0182	
-9.9	0.0153	
-9.9	0.0166	
-9.9	0.0160	
-9.9	0.0154	
-9.9	0.0163	
-9.9	0.0157	
-9.9	0.0164	
-9.9	0.0051	
-9.9	0.0161	
-9.9	0.0148	
-9.9	0.0164	
-9.9	0.0177	
-9.9	0.0162	
-9.9	0.0175	
-9.9	0.0159	
-9.9	0.0226	
-9.9	0.0169	
-9.9	0.0166	
-9.9	0.0172	
-9.9	0.0131	
-9.9	0.0163	
-9.9	0.0173	
-9.9	0.0166	
-9.9	0.0157	
-9.9	0.0157	
-9.9	0.0180	
-9.9	0.0164	
-9.9	0.0167	
-9.9	0.0167	
-9.9	0.0168	
-9.9	0.0161	
-9.9	0.0200	
-9.9	0.0165	
-9.9	0.0168	
-9.9	0.0165	
-9.9	0.0140	
-9.9	0.0169	
-9.9	0.0150	
-9.9	0.0166	
-9.9	0.0115	
-9.9	0.0163	
-9.9	0.0147	
-9.9	0.0170	
-9.9	0.0199	
-9.9	0.0177	
-9.9	0.0161	
-9.9	0.0158	
-9.9	0.0135	
-9.9	0.0168	
-9.9	0.0165	
-9.9	0.0165	
-9.9	0.0175	
-9.9	0.0168	
-9.9	0.0165	
-9.9	0.0162	
-9.9	0.0095	
-9.9	0.0159	
-9.9	0.0159	
-9.9	0.0166	
-9.9	0.0157	
-9.9	0.0170	
-9.9	0.0160	
-9.9	0.0167	
-9.9	0.0206	
-9.9	0.0154	
-9.9	0.0164	
-9.9	0.0158	
-9.9	0.0190	
-9.9	0.0168	
-9.9	0.0155	
-9.9	0.0171	
-9.9	-0.0982	
-9.9	0.0165	
-9.9	0.0133	
-9.9	0.0162	
-9.9	0.0430	
-9.9	0.0163	
-9.9	0.0160	
-9.9	0.0160	
-9.9	0.0212	
-9.9	0.0176	
-9.9	0.0147	
-9.9	0.0164	
-9.9	0.0012	
-9.9	0.0161	
-9.9	0.0155	
-9.9	0.0161	
-9.9	-0.0016	
-9.9	0.0168	
-9.9	0.0158	
-9.9	0.0159	
-9.9	0.0152	
-9.9	0.0159	
-9.9	0.0162	
-9.9	0.0163	
-9.9	0.0176	
-9.9	0.0160	
-9.9	0.0160	
-9.9	0.0160	
-9.9	0.0170	
-9.9	0.0164	
-9.9	0.0160	
-9.9	0.0170	
-9.9	0.0161	
-9.9	0.0051	
-9.9	0.0164	
-9.9	0.0177	
-9.9	0.0165	
-9.9	0.0178	
-9.9	0.0162	
-9.9	0.0149	
-9.8	0.0162	
-9.8	0.0162	
-9.8	0.0166	
-9.8	0.0156	
-9.8	0.0156	
-9.8	0.0179	
-9.8	0.0154	
-9.8	0.0154	
-9.8	0.0160	
-9.8	0.0138	
-9.8	0.0161	
-9.8	0.0154	
-9.8	0.0155	
-9.8	0.0164	
-9.8	0.0161	
-9.8	0.0155	
-9.8	0.0155	
-9.8	0.0175	
-9.8	0.0159	
-9.8	0.0165	
-9.8	0.0169	
-9.8	0.0159	
-9.8	0.0166	
-9.8	0.0176	
-9.8	0.0163	
-9.8	0.0121	
-9.8	0.0167	
-9.8	0.0170	
-9.8	0.0157	
-9.8	0.0157	
-9.8	0.0158	
-9.8	0.0161	
-9.8	0.0158	
-9.8	0.0110	
-9.8	0.0161	
-9.8	0.0171	
-9.8	0.0168	
-9.8	0.0168	
-9.8	0.0156	
-9.8	0.0162	
-9.8	0.0162	
-9.8	0.0176	
-9.8	0.0166	
-9.8	0.0163	
-9.8	0.0157	
-9.8	0.0173	
-9.8	0.0163	
-9.8	0.0167	
-9.8	0.0173	
-9.8	0.0158	
-9.8	0.0161	
-9.8	0.0164	
-9.8	0.0155	
-9.8	0.0158	
-9.8	0.0158	
-9.8	0.0165	
-9.8	0.0162	
-9.8	0.0136	
-9.8	0.0169	
-9.8	0.0159	
-9.8	0.0163	
-9.8	0.0185	
-9.8	0.0166	
-9.8	0.0153	
-9.8	0.0160	
-9.8	0.0157	
-9.8	0.0164	
-9.8	0.0154	
-9.8	0.0158	
-9.8	0.0161	
-9.8	0.0161	
-9.8	0.0155	
-9.8	0.0165	
-9.8	0.0149	
-9.8	0.0162	
-9.8	0.0162	
-9.8	0.0156	
-9.8	0.0149	
-9.8	0.0166	
-9.8	0.0166	
-9.8	0.0156	
-9.8	0.0169	
-9.8	0.0170	
-9.8	0.0173	
-9.8	0.0167	
-9.8	0.0157	
-9.8	0.0167	
-9.8	0.0164	
-9.8	0.0161	
-9.8	0.0084	
-9.8	0.0155	
-9.8	0.0168	
-9.8	0.0155	
-9.8	0.0165	
-9.8	0.0156	
-9.8	0.0165	
-9.8	0.0166	
-9.8	0.0153	
-9.8	0.0121	
-9.8	0.0153	
-9.8	0.0163	
-9.8	0.0160	
-9.8	0.0163	
-9.8	0.0167	
-9.8	0.0160	
-9.8	0.0161	
-9.8	0.0141	
-9.8	0.0158	
-9.8	0.0161	
-9.8	0.0158	
-9.8	0.0161	
-9.8	0.0162	
-9.8	0.0149	
-9.8	0.0165	
-9.8	0.0169	
-9.8	0.0156	
-9.8	0.0159	
-9.8	0.0156	
-9.8	0.0166	
-9.8	0.0157	
-9.8	0.0157	
-9.8	0.0160	
-9.8	0.0157	
-9.8	0.0160	
-9.8	0.0161	
-9.8	0.0167	
-9.8	0.0154	
-9.8	0.0161	
-9.8	0.0158	
-9.8	0.0158	
-9.8	0.0145	
-9.8	0.0162	
-9.8	0.0162	
-9.8	0.0156	
-9.8	0.0153	
-9.8	0.0156	
-9.8	0.0166	
-9.8	0.0166	
-9.8	0.0169	
-9.8	0.0166	
-9.8	0.0167	
-9.8	0.0160	
-9.8	0.0164	
-9.8	0.0164	
-9.8	0.0161	
-9.8	0.0154	
-9.8	0.0155	
-9.8	0.0161	
-9.8	0.0152	
-9.8	0.0165	
-9.8	0.0171	
-9.8	0.0155	
-9.8	0.0165	
-9.8	0.0162	
-9.8	0.0191	
-9.8	0.0159	
-9.8	0.0166	
-9.8	0.0163	
-9.8	0.0153	
-9.8	0.0166	
-9.8	0.0163	
-9.8	0.0164	
-9.8	0.0167	
-9.8	0.0161	
-9.8	0.0158	
-9.8	0.0174	
-9.8	0.0164	
-9.8	0.0165	
-9.8	0.0158	
-9.8	0.0155	
-9.8	0.0146	
-9.8	0.0152	
-9.8	0.0175	
-9.8	0.0156	
-9.8	0.0169	
-9.8	0.0169	
-9.8	0.0163	
-9.8	0.0153	
-9.8	0.0170	
-9.8	0.0167	
-9.8	0.0173	
-9.8	0.0161	
-9.8	0.0161	
-9.8	0.0171	
-9.8	0.0168	
-9.8	0.0155	
-9.8	0.0145	
-9.8	0.0171	
-9.8	0.0168	
-9.8	0.0155	
-9.8	0.0162