-2.191E-4	-5.615E-8
9.693E-3	1.620E-7
1.725E-2	-7.183E-8
2.847E-2	5.527E-8
3.867E-2	-3.774E-8
4.643E-2	7.090E-8
5.617E-2	9.764E-8
6.624E-2	2.130E-7
7.463E-2	2.500E-7
8.428E-2	2.339E-7
9.298E-2	2.473E-7
1.040E-1	1.460E-7
1.110E-1	2.060E-7
1.225E-1	2.457E-7
1.330E-1	2.504E-7
1.432E-1	3.882E-7
1.477E-1	1.669E-7
1.567E-1	3.754E-7
1.694E-1	4.363E-7
1.762E-1	1.714E-7
1.831E-1	4.956E-7
1.940E-1	3.651E-7
2.026E-1	6.841E-7
2.116E-1	4.559E-7
2.220E-1	5.309E-7
2.310E-1	6.985E-7
2.396E-1	4.989E-7
2.504E-1	4.739E-7
2.609E-1	5.930E-7
2.679E-1	7.153E-7
2.785E-1	5.281E-7
2.892E-1	6.358E-7
2.963E-1	8.148E-7
3.062E-1	7.736E-7
3.160E-1	8.632E-7
3.265E-1	6.351E-7
3.357E-1	7.974E-7
3.452E-1	7.865E-7
3.530E-1	9.551E-7
3.625E-1	7.587E-7
3.718E-1	8.061E-7
3.815E-1	9.796E-7
3.923E-1	6.989E-7
4.005E-1	9.699E-7
4.084E-1	1.098E-6
4.168E-1	1.031E-6
4.280E-1	1.032E-6
4.368E-1	9.247E-7
4.451E-1	1.229E-6
4.545E-1	1.096E-6
4.638E-1	1.048E-6
4.732E-1	1.188E-6
4.831E-1	1.192E-6
4.937E-1	1.172E-6
5.029E-1	1.228E-6
5.133E-1	1.261E-6
5.194E-1	1.311E-6
5.288E-1	1.128E-6
5.383E-1	1.321E-6
5.463E-1	1.336E-6
5.579E-1	1.306E-6
5.671E-1	1.308E-6
5.753E-1	1.438E-6
5.839E-1	1.553E-6
5.944E-1	1.514E-6
6.022E-1	1.287E-6
6.113E-1	1.330E-6
6.206E-1	1.664E-6
6.280E-1	1.525E-6
6.397E-1	1.334E-6
6.504E-1	1.646E-6
6.587E-1	1.482E-6
6.700E-1	1.719E-6
6.776E-1	1.404E-6
6.871E-1	1.566E-6
6.954E-1	1.687E-6
7.060E-1	1.685E-6
7.171E-1	1.825E-6
7.260E-1	1.668E-6
7.342E-1	1.749E-6
7.435E-1	1.803E-6
7.528E-1	1.617E-6
7.620E-1	1.883E-6
7.736E-1	1.688E-6
7.811E-1	1.992E-6
7.903E-1	1.870E-6
7.960E-1	1.866E-6
8.075E-1	2.135E-6
8.188E-1	1.777E-6
8.291E-1	2.070E-6
8.346E-1	2.032E-6
8.475E-1	1.928E-6
8.570E-1	1.933E-6
8.658E-1	2.019E-6
8.745E-1	2.154E-6
8.833E-1	2.180E-6
8.922E-1	2.195E-6
9.022E-1	2.202E-6
9.091E-1	1.934E-6
9.184E-1	2.263E-6
9.281E-1	2.116E-6
9.369E-1	2.224E-6
9.451E-1	2.159E-6
9.573E-1	2.218E-6
9.659E-1	2.395E-6
9.774E-1	2.153E-6
9.837E-1	2.536E-6
9.931E-1	2.276E-6
1.001E+0	2.284E-6
1.012E+0	2.438E-6
1.023E+0	2.378E-6
1.032E+0	2.712E-6
1.042E+0	2.548E-6
1.051E+0	2.421E-6
1.060E+0	2.660E-6
1.067E+0	2.400E-6
1.079E+0	2.595E-6
1.088E+0	2.610E-6
1.098E+0	2.711E-6
1.105E+0	2.713E-6
1.115E+0	2.504E-6
1.126E+0	2.594E-6
1.134E+0	2.663E-6
1.144E+0	2.713E-6
1.154E+0	2.691E-6
1.160E+0	2.815E-6
1.171E+0	2.826E-6
1.181E+0	2.658E-6
1.191E+0	2.855E-6
1.199E+0	2.736E-6
1.209E+0	2.729E-6
1.217E+0	2.720E-6
1.228E+0	2.874E-6
1.236E+0	2.900E-6
1.245E+0	2.873E-6
1.253E+0	3.037E-6
1.262E+0	2.941E-6
1.273E+0	3.000E-6
1.284E+0	3.114E-6
1.291E+0	3.202E-6
1.299E+0	3.337E-6
1.309E+0	3.350E-6
1.319E+0	3.247E-6
1.325E+0	3.154E-6
1.341E+0	3.154E-6
1.347E+0	3.446E-6
1.356E+0	3.038E-6
1.364E+0	3.219E-6
1.373E+0	3.257E-6
1.383E+0	3.220E-6
1.396E+0	3.127E-6
1.405E+0	3.364E-6
1.410E+0	3.428E-6
1.424E+0	3.459E-6
1.431E+0	3.487E-6
1.439E+0	3.399E-6
1.449E+0	3.318E-6
1.458E+0	3.486E-6
1.468E+0	3.562E-6
1.478E+0	3.557E-6
1.488E+0	3.521E-6
1.493E+0	3.454E-6
1.505E+0	3.584E-6
1.514E+0	3.545E-6
1.524E+0	3.566E-6
1.534E+0	3.842E-6
1.543E+0	3.442E-6
1.552E+0	3.722E-6
1.561E+0	3.749E-6
1.571E+0	3.871E-6
1.580E+0	3.911E-6
1.589E+0	3.646E-6
1.596E+0	3.819E-6
1.608E+0	3.866E-6
1.618E+0	4.032E-6
1.629E+0	3.903E-6
1.634E+0	3.771E-6
1.643E+0	3.923E-6
1.654E+0	3.983E-6
1.660E+0	3.935E-6
1.670E+0	3.924E-6
1.680E+0	4.065E-6
1.691E+0	4.081E-6
1.698E+0	4.146E-6
1.709E+0	4.102E-6
1.720E+0	4.187E-6
1.729E+0	3.976E-6
1.737E+0	4.251E-6
1.747E+0	4.161E-6
1.756E+0	4.238E-6
1.764E+0	4.377E-6
1.774E+0	4.226E-6
1.782E+0	4.349E-6
1.795E+0	4.322E-6
1.802E+0	4.590E-6
1.812E+0	4.433E-6
1.821E+0	4.361E-6
1.829E+0	4.464E-6
1.839E+0	4.374E-6
1.849E+0	4.619E-6
1.853E+0	4.445E-6
1.868E+0	4.551E-6
1.877E+0	4.669E-6
1.886E+0	4.575E-6
1.889E+0	4.664E-6
1.904E+0	4.625E-6
1.911E+0	4.472E-6
1.924E+0	4.693E-6
1.927E+0	4.875E-6
1.937E+0	4.658E-6
1.947E+0	4.849E-6
1.959E+0	5.155E-6
1.964E+0	5.147E-6
1.975E+0	4.833E-6
1.983E+0	5.086E-6
1.992E+0	4.748E-6
2.001E+0	5.192E-6
2.010E+0	5.152E-6
2.021E+0	5.270E-6
2.031E+0	5.284E-6
2.039E+0	5.323E-6
2.050E+0	5.463E-6
2.058E+0	5.366E-6
2.068E+0	5.447E-6
2.078E+0	5.383E-6
2.088E+0	5.632E-6
2.093E+0	5.432E-6
2.106E+0	5.555E-6
2.115E+0	5.787E-6
2.123E+0	5.852E-6
2.136E+0	5.942E-6
2.141E+0	6.061E-6
2.151E+0	6.114E-6
2.161E+0	6.146E-6
2.169E+0	6.075E-6
2.179E+0	6.450E-6
2.189E+0	6.625E-6
2.196E+0	6.461E-6
2.206E+0	6.976E-6
2.217E+0	6.873E-6
2.224E+0	6.921E-6
2.233E+0	7.199E-6
2.242E+0	7.300E-6
2.253E+0	7.574E-6
2.261E+0	7.604E-6
2.271E+0	7.742E-6
2.282E+0	7.903E-6
2.290E+0	8.207E-6
2.301E+0	8.344E-6
2.306E+0	8.454E-6
2.317E+0	8.643E-6
2.327E+0	9.159E-6
2.336E+0	9.162E-6
2.344E+0	9.736E-6
2.357E+0	9.936E-6
2.361E+0	1.016E-5
2.373E+0	1.046E-5
2.383E+0	1.101E-5
2.389E+0	1.129E-5
2.403E+0	1.178E-5
2.413E+0	1.224E-5
2.419E+0	1.268E-5
2.427E+0	1.314E-5
2.435E+0	1.346E-5
2.448E+0	1.432E-5
2.458E+0	1.492E-5
2.465E+0	1.551E-5
2.476E+0	1.620E-5
2.484E+0	1.690E-5
2.495E+0	1.778E-5
2.503E+0	1.855E-5
2.512E+0	1.946E-5
2.520E+0	2.013E-5
2.528E+0	2.110E-5
2.539E+0	2.219E-5
2.547E+0	2.322E-5
2.558E+0	2.446E-5
2.568E+0	2.556E-5
2.575E+0	2.692E-5
2.585E+0	2.802E-5
2.594E+0	2.952E-5
2.602E+0	3.101E-5
2.615E+0	3.284E-5
2.619E+0	3.425E-5
2.632E+0	3.585E-5
2.641E+0	3.773E-5
2.649E+0	3.954E-5
2.657E+0	4.155E-5
2.664E+0	4.365E-5
2.679E+0	4.675E-5
2.687E+0	4.898E-5
2.695E+0	5.110E-5
2.705E+0	5.423E-5
2.713E+0	5.680E-5
2.724E+0	6.025E-5
2.731E+0	6.254E-5
2.740E+0	6.622E-5
2.748E+0	6.998E-5
2.760E+0	7.397E-5
2.768E+0	7.794E-5
2.777E+0	8.195E-5
2.784E+0	8.647E-5
2.793E+0	9.075E-5
2.803E+0	9.621E-5
2.815E+0	1.015E-4
2.823E+0	1.072E-4
2.833E+0	1.134E-4
2.840E+0	1.195E-4
2.848E+0	1.268E-4
2.859E+0	1.336E-4
2.864E+0	1.405E-4
2.875E+0	1.481E-4
2.883E+0	1.562E-4
2.891E+0	1.648E-4
2.900E+0	1.747E-4
2.909E+0	1.843E-4
2.919E+0	1.953E-4
2.925E+0	2.060E-4
2.931E+0	2.170E-4
2.942E+0	2.305E-4
2.949E+0	2.426E-4
2.957E+0	2.560E-4
2.968E+0	2.707E-4
2.972E+0	2.842E-4
2.983E+0	3.008E-4
2.987E+0	3.179E-4
2.996E+0	3.373E-4
3.002E+0	3.546E-4
3.011E+0	3.752E-4
3.017E+0	3.963E-4
3.025E+0	4.178E-4
3.031E+0	4.428E-4
3.036E+0	4.661E-4
3.045E+0	4.920E-4
3.050E+0	5.194E-4
3.060E+0	5.479E-4
3.065E+0	5.789E-4
3.070E+0	6.093E-4
3.079E+0	6.417E-4
3.086E+0	6.762E-4
3.093E+0	7.124E-4
3.097E+0	7.507E-4
3.100E+0	7.888E-4
3.110E+0	8.303E-4
3.120E+0	9.094E-4
3.132E+0	9.840E-4
3.136E+0	1.052E-3
3.144E+0	1.120E-3
3.155E+0	1.216E-3
3.166E+0	1.307E-3
3.172E+0	1.391E-3
3.183E+0	1.514E-3
3.191E+0	1.614E-3
3.279E+0	3.070E-3
3.289E+0	3.254E-3
3.297E+0	3.420E-3
3.308E+0	3.600E-3
3.315E+0	3.799E-3
3.327E+0	3.956E-3
3.336E+0	4.163E-3
3.345E+0	4.315E-3
3.354E+0	4.554E-3
3.363E+0	4.732E-3
3.374E+0	4.955E-3
3.380E+0	5.129E-3
3.393E+0	5.377E-3
3.402E+0	5.580E-3
3.410E+0	5.797E-3
3.421E+0	5.994E-3
3.428E+0	6.249E-3
3.435E+0	6.460E-3
3.448E+0	6.704E-3
3.457E+0	6.929E-3
3.462E+0	7.177E-3
3.474E+0	7.412E-3
3.484E+0	7.678E-3
3.493E+0	7.888E-3
3.502E+0	8.154E-3
3.511E+0	8.442E-3
3.524E+0	8.699E-3
3.530E+0	8.926E-3
3.540E+0	9.242E-3
3.548E+0	9.461E-3
3.555E+0	9.830E-3
3.569E+0	1.003E-2
3.580E+0	1.038E-2
3.586E+0	1.062E-2
3.596E+0	1.095E-2
3.604E+0	1.121E-2
3.614E+0	1.154E-2
3.621E+0	1.181E-2
3.632E+0	1.215E-2
3.642E+0	1.246E-2
3.651E+0	1.276E-2
3.661E+0	1.306E-2
3.667E+0	1.339E-2
3.677E+0	1.372E-2
3.687E+0	1.403E-2
3.699E+0	1.442E-2
3.705E+0	1.466E-2
3.714E+0	1.505E-2
