---- Page: "AC Analysis"
---- Graph: "AC Analysis"
---- Left Axis: LOGARITHMIC "Magnitude"
---- Bottom Axis: LOGARITHMIC "Frequency (Hz)"
---- Trace: 1 LEFT BOTTOM "V(2)"
1.000000000000e+000	5.055474624348e-006
1.122018454302e+000	5.056117458268e-006
1.258925411794e+000	5.056926621854e-006
1.412537544623e+000	5.057945114550e-006
1.584893192461e+000	5.059227029029e-006
1.778279410039e+000	5.060840402238e-006
1.995262314969e+000	5.062870787712e-006
2.238721138568e+000	5.065425734491e-006
2.511886431510e+000	5.068640390670e-006
2.818382931264e+000	5.072684506084e-006
3.162277660168e+000	5.077771166145e-006
3.548133892336e+000	5.084167655292e-006
3.981071705535e+000	5.092208933432e-006
4.466835921510e+000	5.102314282682e-006
5.011872336273e+000	5.115007776206e-006
5.623413251903e+000	5.130943286528e-006
6.309573444802e+000	5.150934805655e-006
7.079457843841e+000	5.175992846569e-006
7.943282347243e+000	5.207367599910e-006
8.912509381337e+000	5.246599300034e-006
1.000000000000e+001	5.295575831434e-006
1.122018454302e+001	5.356596933612e-006
1.258925411794e+001	5.432443413998e-006
1.412537544623e+001	5.526448554659e-006
1.584893192461e+001	5.642567566771e-006
1.778279410039e+001	5.785439768855e-006
1.995262314969e+001	5.960437648179e-006
2.238721138568e+001	6.173697653812e-006
2.511886431510e+001	6.432130008282e-006
2.818382931264e+001	6.743409033237e-006
3.162277660168e+001	7.115950891180e-006
3.548133892336e+001	7.558890812731e-006
3.981071705535e+001	8.082075085630e-006
4.466835921510e+001	8.696082997863e-006
5.011872336273e+001	9.412290405090e-006
5.623413251903e+001	1.024298083686e-005
6.309573444802e+001	1.120150404151e-005
7.079457843841e+001	1.230247740952e-005
7.943282347243e+001	1.356202372848e-005
8.912509381337e+001	1.499803910657e-005
1.000000000000e+002	1.663048688277e-005
1.122018454302e+002	1.848171599745e-005
1.258925411794e+002	2.057680489766e-005
1.412537544623e+002	2.294393422593e-005
1.584893192461e+002	2.561479316908e-005
1.778279410039e+002	2.862502552218e-005
1.995262314969e+002	3.201472237963e-005
2.238721138568e+002	3.582896906163e-005
2.511886431510e+002	4.011845453266e-005
2.818382931264e+002	4.494015226168e-005
3.162277660168e+002	5.035808226684e-005
3.548133892336e+002	5.644416501595e-005
3.981071705535e+002	6.327917894488e-005
4.466835921510e+002	7.095383462626e-005
5.011872336273e+002	7.956998008464e-005
5.623413251903e+002	8.924195343176e-005
6.309573444802e+002	1.000981009005e-004
7.079457843841e+002	1.122824805166e-004
7.943282347243e+002	1.259567740822e-004
8.912509381337e+002	1.413024328918e-004
1.000000000000e+003	1.585230856866e-004
1.122018454302e+003	1.778472408248e-004
1.258925411794e+003	1.995313185391e-004
1.412537544623e+003	2.238630535297e-004
1.584893192461e+003	2.511653130484e-004
1.778279410039e+003	2.818003811399e-004
1.995262314969e+003	3.161747658888e-004
2.238721138568e+003	3.547445934557e-004
2.511886431510e+003	3.980216604691e-004
2.818382931264e+003	4.465802250686e-004
3.162277660168e+003	5.010646266912e-004
3.548133892336e+003	5.621978356769e-004
3.981071705535e+003	6.307910460959e-004
4.466835921510e+003	7.077544390208e-004
5.011872336273e+003	7.941092589745e-004
5.623413251903e+003	8.910013636642e-004
6.309573444802e+003	9.997164266148e-004
7.079457843841e+003	1.121696994162e-003
7.943282347243e+003	1.258561622767e-003
8.912509381337e+003	1.412126350070e-003
1.000000000000e+004	1.584428783826e-003
1.122018454302e+004	1.777755127331e-003
1.258925411794e+004	1.994670498445e-003
1.412537544623e+004	2.238052942412e-003
1.584893192461e+004	2.511131586846e-003
1.778279410039e+004	2.817529440951e-003
1.995262314969e+004	3.161311400960e-003
2.238721138568e+004	3.547038090396e-003
2.511886431510e+004	3.979826237731e-003
2.818382931264e+004	4.465416375872e-003
3.162277660168e+004	5.010248738151e-003
3.548133892336e+004	5.621548324508e-003
3.981071705535e+004	6.307420219491e-003
4.466835921510e+004	7.076956360268e-003
5.011872336273e+004	7.940355077350e-003
5.623413251903e+004	8.909054861505e-003
6.309573444802e+004	9.995883944411e-003
7.079457843841e+004	1.121522741338e-002
7.943282347243e+004	1.258321370433e-002
8.912509381337e+004	1.411792242112e-002
1.000000000000e+005	1.583961549599e-002
1.122018454302e+005	1.777099371174e-002
1.258925411794e+005	1.993748051420e-002
1.412537544623e+005	2.236753480391e-002
1.584893192461e+005	2.509299393553e-002
1.778279410039e+005	2.814944736931e-002
1.995262314969e+005	3.157664016890e-002
2.238721138568e+005	3.541890362294e-002
2.511886431510e+005	3.972560741195e-002
2.818382931264e+005	4.455162357348e-002
3.162277660168e+005	4.995778653886e-002
3.548133892336e+005	5.601132506775e-002
3.981071705535e+005	6.278623015214e-002
4.466835921510e+005	7.036350686123e-002
5.011872336273e+005	7.883123644474e-002
5.623413251903e+005	8.828434652706e-002
6.309573444802e+005	9.882395081504e-002
7.079457843841e+005	1.105560750040e-001
7.943282347243e+005	1.235895336986e-001
8.912509381337e+005	1.380326684833e-001
1.000000000000e+006	1.539886094938e-001
1.122018454302e+006	1.715487001055e-001
1.258925411794e+006	1.907837565494e-001
1.412537544623e+006	2.117329650245e-001
1.584893192461e+006	2.343905029184e-001
1.778279410039e+006	2.586904612712e-001
1.995262314969e+006	2.844913649743e-001
2.238721138568e+006	3.115624784923e-001
2.511886431510e+006	3.395749547840e-001
2.818382931264e+006	3.681013739236e-001
3.162277660168e+006	3.966268581397e-001
3.548133892336e+006	4.245733665668e-001
3.981071705535e+006	4.513359965751e-001
4.466835921510e+006	4.763268335911e-001
5.011872336273e+006	4.990193465873e-001
5.623413251903e+006	5.189857749664e-001
6.309573444802e+006	5.359218752697e-001
7.079457843841e+006	5.496570739281e-001
7.943282347243e+006	5.601519081032e-001
8.912509381337e+006	5.674870423967e-001
1.000000000000e+007	5.718483697399e-001
---- End Trace: 1 "V(2)"

---- Trace: 2 LEFT BOTTOM "V(vin)"
1.000000000000e+000	1.000000000000e+000
1.122018454302e+000	1.000000000000e+000
1.258925411794e+000	1.000000000000e+000
1.412537544623e+000	1.000000000000e+000
1.584893192461e+000	1.000000000000e+000
1.778279410039e+000	1.000000000000e+000
1.995262314969e+000	1.000000000000e+000
2.238721138568e+000	1.000000000000e+000
2.511886431510e+000	1.000000000000e+000
2.818382931264e+000	1.000000000000e+000
3.162277660168e+000	1.000000000000e+000
3.548133892336e+000	1.000000000000e+000
3.981071705535e+000	1.000000000000e+000
4.466835921510e+000	1.000000000000e+000
5.011872336273e+000	1.000000000000e+000
5.623413251903e+000	1.000000000000e+000
6.309573444802e+000	1.000000000000e+000
7.079457843841e+000	1.000000000000e+000
7.943282347243e+000	1.000000000000e+000
8.912509381337e+000	1.000000000000e+000
1.000000000000e+001	1.000000000000e+000
1.122018454302e+001	1.000000000000e+000
1.258925411794e+001	1.000000000000e+000
1.412537544623e+001	1.000000000000e+000
1.584893192461e+001	1.000000000000e+000
1.778279410039e+001	1.000000000000e+000
1.995262314969e+001	1.000000000000e+000
2.238721138568e+001	1.000000000000e+000
2.511886431510e+001	1.000000000000e+000
2.818382931264e+001	1.000000000000e+000
3.162277660168e+001	1.000000000000e+000
3.548133892336e+001	1.000000000000e+000
3.981071705535e+001	1.000000000000e+000
4.466835921510e+001	1.000000000000e+000
5.011872336273e+001	1.000000000000e+000
5.623413251903e+001	1.000000000000e+000
6.309573444802e+001	1.000000000000e+000
7.079457843841e+001	1.000000000000e+000
7.943282347243e+001	1.000000000000e+000
8.912509381337e+001	1.000000000000e+000
1.000000000000e+002	1.000000000000e+000
1.122018454302e+002	1.000000000000e+000
1.258925411794e+002	1.000000000000e+000
1.412537544623e+002	1.000000000000e+000
1.584893192461e+002	1.000000000000e+000
1.778279410039e+002	1.000000000000e+000
1.995262314969e+002	1.000000000000e+000
2.238721138568e+002	1.000000000000e+000
2.511886431510e+002	1.000000000000e+000
2.818382931264e+002	1.000000000000e+000
3.162277660168e+002	1.000000000000e+000
3.548133892336e+002	1.000000000000e+000
3.981071705535e+002	1.000000000000e+000
4.466835921510e+002	1.000000000000e+000
5.011872336273e+002	1.000000000000e+000
5.623413251903e+002	1.000000000000e+000
6.309573444802e+002	1.000000000000e+000
7.079457843841e+002	1.000000000000e+000
7.943282347243e+002	1.000000000000e+000
8.912509381337e+002	1.000000000000e+000
1.000000000000e+003	1.000000000000e+000
1.122018454302e+003	1.000000000000e+000
1.258925411794e+003	1.000000000000e+000
1.412537544623e+003	1.000000000000e+000
1.584893192461e+003	1.000000000000e+000
1.778279410039e+003	1.000000000000e+000
1.995262314969e+003	1.000000000000e+000
2.238721138568e+003	1.000000000000e+000
2.511886431510e+003	1.000000000000e+000
2.818382931264e+003	1.000000000000e+000
3.162277660168e+003	1.000000000000e+000
3.548133892336e+003	1.000000000000e+000
3.981071705535e+003	1.000000000000e+000
4.466835921510e+003	1.000000000000e+000
5.011872336273e+003	1.000000000000e+000
5.623413251903e+003	1.000000000000e+000
6.309573444802e+003	1.000000000000e+000
7.079457843841e+003	1.000000000000e+000
7.943282347243e+003	1.000000000000e+000
8.912509381337e+003	1.000000000000e+000
1.000000000000e+004	1.000000000000e+000
1.122018454302e+004	1.000000000000e+000
1.258925411794e+004	1.000000000000e+000
1.412537544623e+004	1.000000000000e+000
1.584893192461e+004	1.000000000000e+000
1.778279410039e+004	1.000000000000e+000
1.995262314969e+004	1.000000000000e+000
2.238721138568e+004	1.000000000000e+000
2.511886431510e+004	1.000000000000e+000
2.818382931264e+004	1.000000000000e+000
3.162277660168e+004	1.000000000000e+000
3.548133892336e+004	1.000000000000e+000
3.981071705535e+004	1.000000000000e+000
4.466835921510e+004	1.000000000000e+000
5.011872336273e+004	1.000000000000e+000
5.623413251903e+004	1.000000000000e+000
6.309573444802e+004	1.000000000000e+000
7.079457843841e+004	1.000000000000e+000
7.943282347243e+004	1.000000000000e+000
8.912509381337e+004	1.000000000000e+000
1.000000000000e+005	1.000000000000e+000
1.122018454302e+005	1.000000000000e+000
1.258925411794e+005	1.000000000000e+000
1.412537544623e+005	1.000000000000e+000
1.584893192461e+005	1.000000000000e+000
1.778279410039e+005	1.000000000000e+000
1.995262314969e+005	1.000000000000e+000
2.238721138568e+005	1.000000000000e+000
2.511886431510e+005	1.000000000000e+000
2.818382931264e+005	1.000000000000e+000
3.162277660168e+005	1.000000000000e+000
3.548133892336e+005	1.000000000000e+000
3.981071705535e+005	1.000000000000e+000
4.466835921510e+005	1.000000000000e+000
5.011872336273e+005	1.000000000000e+000
5.623413251903e+005	1.000000000000e+000
6.309573444802e+005	1.000000000000e+000
7.079457843841e+005	1.000000000000e+000
7.943282347243e+005	1.000000000000e+000
8.912509381337e+005	1.000000000000e+000
1.000000000000e+006	1.000000000000e+000
1.122018454302e+006	1.000000000000e+000
1.258925411794e+006	1.000000000000e+000
1.412537544623e+006	1.000000000000e+000
1.584893192461e+006	1.000000000000e+000
1.778279410039e+006	1.000000000000e+000
1.995262314969e+006	1.000000000000e+000
2.238721138568e+006	1.000000000000e+000
2.511886431510e+006	1.000000000000e+000
2.818382931264e+006	1.000000000000e+000
3.162277660168e+006	1.000000000000e+000
3.548133892336e+006	1.000000000000e+000
3.981071705535e+006	1.000000000000e+000
4.466835921510e+006	1.000000000000e+000
5.011872336273e+006	1.000000000000e+000
5.623413251903e+006	1.000000000000e+000
6.309573444802e+006	1.000000000000e+000
7.079457843841e+006	1.000000000000e+000
7.943282347243e+006	1.000000000000e+000
8.912509381337e+006	1.000000000000e+000
1.000000000000e+007	1.000000000000e+000
---- End Trace: 2 "V(vin)"

---- Trace: 3 LEFT BOTTOM "V(vout)"
1.000000000000e+000	9.999898940112e-001
1.122018454302e+000	9.999898940112e-001
1.258925411794e+000	9.999898940111e-001
1.412537544623e+000	9.999898940111e-001
1.584893192461e+000	9.999898940111e-001
1.778279410039e+000	9.999898940111e-001
1.995262314969e+000	9.999898940111e-001
2.238721138568e+000	9.999898940110e-001
2.511886431510e+000	9.999898940110e-001
2.818382931264e+000	9.999898940110e-001
3.162277660168e+000	9.999898940109e-001
3.548133892336e+000	9.999898940108e-001
3.981071705535e+000	9.999898940107e-001
4.466835921510e+000	9.999898940106e-001
5.011872336273e+000	9.999898940104e-001
5.623413251903e+000	9.999898940102e-001
6.309573444802e+000	9.999898940100e-001
7.079457843841e+000	9.999898940097e-001
7.943282347243e+000	9.999898940093e-001
8.912509381337e+000	9.999898940088e-001
1.000000000000e+001	9.999898940082e-001
1.122018454302e+001	9.999898940074e-001
1.258925411794e+001	9.999898940064e-001
1.412537544623e+001	9.999898940051e-001
1.584893192461e+001	9.999898940036e-001
1.778279410039e+001	9.999898940016e-001
1.995262314969e+001	9.999898939991e-001
2.238721138568e+001	9.999898939960e-001
2.511886431510e+001	9.999898939920e-001
2.818382931264e+001	9.999898939871e-001
3.162277660168e+001	9.999898939808e-001
3.548133892336e+001	9.999898939729e-001
3.981071705535e+001	9.999898939630e-001
4.466835921510e+001	9.999898939506e-001
5.011872336273e+001	9.999898939349e-001
5.623413251903e+001	9.999898939151e-001
6.309573444802e+001	9.999898938902e-001
7.079457843841e+001	9.999898938589e-001
7.943282347243e+001	9.999898938194e-001
8.912509381337e+001	9.999898937698e-001
1.000000000000e+002	9.999898937073e-001
1.122018454302e+002	9.999898936286e-001
1.258925411794e+002	9.999898935295e-001
1.412537544623e+002	9.999898934048e-001
1.584893192461e+002	9.999898932478e-001
1.778279410039e+002	9.999898930502e-001
1.995262314969e+002	9.999898928013e-001
2.238721138568e+002	9.999898924881e-001
2.511886431510e+002	9.999898920937e-001
2.818382931264e+002	9.999898915972e-001
3.162277660168e+002	9.999898909721e-001
3.548133892336e+002	9.999898901852e-001
3.981071705535e+002	9.999898891946e-001
4.466835921510e+002	9.999898879474e-001
5.011872336273e+002	9.999898863774e-001
5.623413251903e+002	9.999898844008e-001
6.309573444802e+002	9.999898819124e-001
7.079457843841e+002	9.999898787797e-001
7.943282347243e+002	9.999898748359e-001
8.912509381337e+002	9.999898698710e-001
1.000000000000e+003	9.999898636205e-001
1.122018454302e+003	9.999898557515e-001
1.258925411794e+003	9.999898458451e-001
1.412537544623e+003	9.999898333737e-001
1.584893192461e+003	9.999898176731e-001
1.778279410039e+003	9.999897979072e-001
1.995262314969e+003	9.999897730235e-001
2.238721138568e+003	9.999897416967e-001
2.511886431510e+003	9.999897022586e-001
2.818382931264e+003	9.999896526090e-001
3.162277660168e+003	9.999895901039e-001
3.548133892336e+003	9.999895114146e-001
3.981071705535e+003	9.999894123507e-001
4.466835921510e+003	9.999892876367e-001
5.011872336273e+003	9.999891306311e-001
5.623413251903e+003	9.999889329728e-001
6.309573444802e+003	9.999886841360e-001
7.079457843841e+003	9.999883708692e-001
7.943282347243e+003	9.999879764900e-001
8.912509381337e+003	9.999874799967e-001
1.000000000000e+004	9.999868549497e-001
1.122018454302e+004	9.999860680635e-001
1.258925411794e+004	9.999850774350e-001
1.412537544623e+004	9.999838303115e-001
1.584893192461e+004	9.999822602820e-001
1.778279410039e+004	9.999802837416e-001
1.995262314969e+004	9.999777954400e-001
2.238721138568e+004	9.999746628781e-001
2.511886431510e+004	9.999707192547e-001
2.818382931264e+004	9.999657545878e-001
3.162277660168e+004	9.999595045388e-001
3.548133892336e+004	9.999516363462e-001
3.981071705535e+004	9.999417311206e-001
4.466835921510e+004	9.999292615641e-001
5.011872336273e+004	9.999135639307e-001
5.623413251903e+004	9.998938027448e-001
6.309573444802e+004	9.998689264130e-001
7.079457843841e+004	9.998376113868e-001
7.943282347243e+004	9.997981919399e-001
8.912509381337e+004	9.997485718737e-001
1.000000000000e+005	9.996861135410e-001
1.122018454302e+005	9.996074984161e-001
1.258925411794e+005	9.995085520100e-001
1.412537544623e+005	9.993840241576e-001
1.584893192461e+005	9.992273135338e-001
1.778279410039e+005	9.990301226064e-001
1.995262314969e+005	9.987820260390e-001
2.238721138568e+005	9.984699317489e-001
2.511886431510e+005	9.980774093701e-001
2.818382931264e+005	9.975838557836e-001
3.162277660168e+005	9.969634617975e-001
3.548133892336e+005	9.961839382857e-001
3.981071705535e+005	9.952049547770e-001
4.466835921510e+005	9.939762397243e-001
5.011872336273e+005	9.924352913907e-001
5.623413251903e+005	9.905046544742e-001
6.309573444802e+005	9.880887348999e-001
7.079457843841e+005	9.850701604241e-001
7.943282347243e+005	9.813057572414e-001
8.912509381337e+005	9.766223148094e-001
1.000000000000e+006	9.708124665874e-001
1.122018454302e+006	9.636312361553e-001
1.258925411794e+006	9.547940912772e-001
1.412537544623e+006	9.439776980832e-001
1.584893192461e+006	9.308249204775e-001
1.778279410039e+006	9.149558524718e-001
1.995262314969e+006	8.959866135945e-001
2.238721138568e+006	8.735570273583e-001
2.511886431510e+006	8.473668992036e-001
2.818382931264e+006	8.172183433156e-001
3.162277660168e+006	7.830587939788e-001
3.548133892336e+006	7.450168293969e-001
3.981071705535e+006	7.034219972706e-001
4.466835921510e+006	6.588015906732e-001
5.011872336273e+006	6.118519694068e-001
5.623413251903e+006	5.633882858242e-001
6.309573444802e+006	5.142819721104e-001
7.079457843841e+006	4.653978009513e-001
7.943282347243e+006	4.175408751018e-001
8.912509381337e+006	3.714195034019e-001
1.000000000000e+007	3.276246913089e-001
---- End Trace: 3 "V(vout)"

---- Trace: 4 LEFT BOTTOM "V(vout)/(-V(2))"
1.000000000000e+000	1.978033653250e+005
1.122018454302e+000	1.977782166385e+005
1.258925411794e+000	1.977465699600e+005
1.412537544623e+000	1.977067507385e+005
1.584893192461e+000	1.976566555075e+005
1.778279410039e+000	1.975936434527e+005
1.995262314969e+000	1.975144015996e+005
2.238721138568e+000	1.974147774396e+005
2.511886431510e+000	1.972895721408e+005
2.818382931264e+000	1.971322862306e+005
3.162277660168e+000	1.969348088543e+005
3.548133892336e+000	1.966870413823e+005
3.981071705535e+000	1.963764462698e+005
4.466835921510e+000	1.959875144118e+005
5.011872336273e+000	1.955011483389e+005
5.623413251903e+000	1.948939674769e+005
6.309573444802e+000	1.941375559466e+005
7.079457843841e+000	1.931976962975e+005
7.943282347243e+000	1.920336666892e+005
8.912509381337e+000	1.905977256548e+005
1.000000000000e+001	1.888349682526e+005
1.122018454302e+001	1.866838043633e+005
1.258925411794e+001	1.840773695736e+005
1.412537544623e+001	1.809462051650e+005
1.584893192461e+001	1.772224935139e+005
1.778279410039e+001	1.728459605413e+005
1.995262314969e+001	1.677712196695e+005
2.238721138568e+001	1.619758449587e+005
2.511886431510e+001	1.554679231770e+005
2.818382931264e+001	1.482914485920e+005
3.162277660168e+001	1.405279363606e+005
3.548133892336e+001	1.322932052794e+005
3.981071705535e+001	1.237293496247e+005
4.466835921510e+001	1.149931404974e+005
5.011872336273e+001	1.062429919708e+005
5.623413251903e+001	9.762684416204e+004
6.309573444802e+001	8.927282355873e+004
7.079457843841e+001	8.128361959723e+004
7.943282347243e+001	7.373456305929e+004
8.912509381337e+001	6.667470905125e+004
1.000000000000e+002	6.012992287935e+004
1.122018454302e+002	5.410698301859e+004
1.258925411794e+002	4.859791879754e+004
1.412537544623e+002	4.358406381215e+004
1.584893192461e+002	3.903954588456e+004
1.778279410039e+002	3.493411358796e+004
1.995262314969e+002	3.123531358303e+004
2.238721138568e+002	2.791009394571e+004
2.511886431510e+002	2.492593256003e+004
2.818382931264e+002	2.225159108884e+004
3.162277660168e+002	1.985758483958e+004
3.548133892336e+002	1.771644402752e+004
3.981071705535e+002	1.580282655161e+004
4.466835921510e+002	1.409352846417e+004
5.011872336273e+002	1.256742662640e+004
5.623413251903e+002	1.120537870303e+004
6.309573444802e+002	9.990098442587e+003
7.079457843841e+002	8.906018767831e+003
7.943282347243e+002	7.939151205818e+003
8.912509381337e+002	7.076947292457e+003
1.000000000000e+003	6.308165522324e+003
1.122018454302e+003	5.622745965100e+003
1.258925411794e+003	5.011693668777e+003
1.412537544623e+003	4.466971291629e+003
1.584893192461e+003	3.981400956749e+003
1.778279410039e+003	3.548575036919e+003
1.995262314969e+003	3.162775404332e+003
2.238721138568e+003	2.818900584094e+003
2.511886431510e+003	2.512400207265e+003
2.818382931264e+003	2.239216150817e+003
3.162277660168e+003	1.995729765853e+003
3.548133892336e+003	1.778714623137e+003
3.981071705535e+003	1.585294240525e+003
4.466835921510e+003	1.412904296326e+003
5.011872336273e+003	1.259258873171e+003
5.623413251903e+003	1.122320317065e+003
6.309573444802e+003	1.000272334748e+003
7.079457843841e+003	8.914959887333e+002
7.943282347243e+003	7.945482830563e+002
8.912509381337e+003	7.081430637899e+002
1.000000000000e+004	6.311339866820e+002
1.122018454302e+004	5.624993300200e+002
1.258925411794e+004	5.013284541054e+002
1.412537544623e+004	4.468097297260e+002
1.584893192461e+004	3.982197769007e+002
1.778279410039e+004	3.549138721347e+002
1.995262314969e+004	3.163173976269e+002
2.238721138568e+004	2.819182194817e+002
2.511886431510e+004	2.512598941568e+002
2.818382931264e+004	2.239356132590e+002
3.162277660168e+004	1.995828065231e+002
3.548133892336e+004	1.778783314886e+002
3.981071705535e+004	1.585341861369e+002
4.466835921510e+004	1.412936876618e+002
5.011872336273e+004	1.259280667162e+002
5.623413251903e+004	1.122334319733e+002
6.309573444802e+004	1.000280647488e+002
7.079457843841e+004	8.915000780049e+001
7.943282347243e+004	7.945491632201e+001
8.912509381337e+004	7.081414262330e+001
1.000000000000e+005	6.311302908801e+001
1.122018454302e+005	5.624938676084e+001
1.258925411794e+005	5.013213937930e+001
1.412537544623e+005	4.468011485927e+001
1.584893192461e+005	3.982096819938e+001
1.778279410039e+005	3.549022151304e+001
1.995262314969e+005	3.163040845057e+001
2.238721138568e+005	2.819031165895e+001
2.511886431510e+005	2.512428316124e+001
2.818382931264e+005	2.239163863778e+001
3.162277660168e+005	1.995611757182e+001
3.548133892336e+005	1.778540209646e+001
3.981071705535e+005	1.585068815830e+001
4.466835921510e+005	1.412630330783e+001
5.011872336273e+005	1.258936604510e+001
5.623413251903e+005	1.121948220085e+001
6.309573444802e+005	9.998474324804e+000
7.079457843841e+005	8.910140491042e+000
7.943282347243e+005	7.940039321083e+000
8.912509381337e+005	7.075298373499e+000
1.000000000000e+006	6.304443359665e+000
1.122018454302e+006	5.617245922370e+000
1.258925411794e+006	5.004587961501e+000
1.412537544623e+006	4.458340712199e+000
1.584893192461e+006	3.971256978793e+000
1.778279410039e+006	3.536875105390e+000
1.995262314969e+006	3.149433423666e+000
2.238721138568e+006	2.803794062705e+000
2.511886431510e+006	2.495375136669e+000
2.818382931264e+006	2.220090445751e+000
3.162277660168e+006	1.974295935609e+000
3.548133892336e+006	1.754742261441e+000
3.981071705535e+006	1.558532894802e+000
4.466835921510e+006	1.383087292619e+000
5.011872336273e+006	1.226108714204e+000
5.623413251903e+006	1.085556315798e+000
6.309573444802e+006	9.596211609230e-001
7.079457843841e+006	8.467057425922e-001
7.943282347243e+006	7.454065032388e-001
8.912509381337e+006	6.544986504596e-001
1.000000000000e+007	5.729223141056e-001
---- End Trace: 4 "V(vout)/(-V(2))"
---- End Graph: AC Analysis

---- Graph: 
---- Left Axis: LINEAR "Phase (deg)"
---- Bottom Axis: LOGARITHMIC "Frequency (Hz)"
---- Trace: 1 LEFT BOTTOM "V(2)"
1.000000000000e+000	1.795974158580e+000
1.122018454302e+000	2.014945318064e+000
1.258925411794e+000	2.260564608860e+000
1.412537544623e+000	2.536054620238e+000
1.584893192461e+000	2.845019254322e+000
1.778279410039e+000	3.191485380965e+000
1.995262314969e+000	3.579947597313e+000
2.238721138568e+000	4.015415674387e+000
2.511886431510e+000	4.503463917696e+000
2.818382931264e+000	5.050281147088e+000
3.162277660168e+000	5.662719268690e+000
3.548133892336e+000	6.348337395729e+000
3.981071705535e+000	7.115437076142e+000
4.466835921510e+000	7.973082333633e+000
5.011872336273e+000	8.931095788904e+000
5.623413251903e+000	1.000001907241e+001
6.309573444802e+000	1.119102203121e+001
7.079457843841e+000	1.251574105394e+001
7.943282347243e+000	1.398602264651e+001
8.912509381337e+000	1.561354506957e+001
1.000000000000e+001	1.740929004694e+001
1.122018454302e+001	1.938284074598e+001
1.258925411794e+001	2.154149472818e+001
1.412537544623e+001	2.388920516311e+001
1.584893192461e+001	2.642540291582e+001
1.778279410039e+001	2.914380554020e+001
1.995262314969e+001	3.203137912740e+001
2.238721138568e+001	3.506766871531e+001
2.511886431510e+001	3.822472714623e+001
2.818382931264e+001	4.146782545157e+001
3.162277660168e+001	4.475700808858e+001
3.548133892336e+001	4.804938148738e+001
3.981071705535e+001	5.130184459135e+001
4.466835921510e+001	5.447385138261e+001
5.011872336273e+001	5.752978653430e+001
5.623413251903e+001	6.044064005492e+001
6.309573444802e+001	6.318484169408e+001
7.079457843841e+001	6.574829532200e+001
7.943282347243e+001	6.812378324992e+001
8.912509381337e+001	7.030996787851e+001
1.000000000000e+002	7.231021133227e+001
1.122018454302e+002	7.413138752340e+001
1.258925411794e+002	7.578280138531e+001
1.412537544623e+002	7.727527492758e+001
1.584893192461e+002	7.862041824387e+001
1.778279410039e+002	7.983007693518e+001
1.995262314969e+002	8.091593338261e+001
2.238721138568e+002	8.188923409945e+001
2.511886431510e+002	8.276061566184e+001
2.818382931264e+002	8.354000476885e+001
3.162277660168e+002	8.423657212153e+001
3.548133892336e+002	8.485872403736e+001
3.981071705535e+002	8.541411950033e+001
4.466835921510e+002	8.590970350260e+001
5.011872336273e+002	8.635175006560e+001
5.623413251903e+002	8.674591025138e+001
6.309573444802e+002	8.709726194636e+001
7.079457843841e+002	8.741035925123e+001
7.943282347243e+002	8.768928009295e+001
8.912509381337e+002	8.793767121558e+001
1.000000000000e+003	8.815879008572e+001
1.122018454302e+003	8.835554351304e+001
1.258925411794e+003	8.853052295240e+001
1.412537544623e+003	8.868603657277e+001
1.584893192461e+003	8.882413824073e+001
1.778279410039e+003	8.894665360855e+001
1.995262314969e+003	8.905520351391e+001
2.238721138568e+003	8.915122490167e+001
2.511886431510e+003	8.923598947714e+001
2.818382931264e+003	8.931062028707e+001
3.162277660168e+003	8.937610641371e+001
3.548133892336e+003	8.943331595234e+001
3.981071705535e+003	8.948300742586e+001
4.466835921510e+003	8.952583977633e+001
5.011872336273e+003	8.956238105636e+001
5.623413251903e+003	8.959311592994e+001
6.309573444802e+003	8.961845207758e+001
7.079457843841e+003	8.963872558751e+001
7.943282347243e+003	8.965420540262e+001
8.912509381337e+003	8.966509688004e+001
1.000000000000e+004	8.967154451015e+001
1.122018454302e+004	8.967363382987e+001
1.258925411794e+004	8.967139255536e+001
1.412537544623e+004	8.966479094880e+001
1.584893192461e+004	8.965374142422e+001
1.778279410039e+004	8.963809738680e+001
1.995262314969e+004	8.961765129072e+001
2.238721138568e+004	8.959213189019e+001
2.511886431510e+004	8.956120064749e+001
2.818382931264e+004	8.952444725160e+001
3.162277660168e+004	8.948138418899e+001
3.548133892336e+004	8.943144029649e+001
3.981071705535e+004	8.937395321333e+001
4.466835921510e+004	8.930816063588e+001
5.011872336273e+004	8.923319026439e+001
5.623413251903e+004	8.914804831575e+001
6.309573444802e+004	8.905160646033e+001
7.079457843841e+004	8.894258702461e+001
7.943282347243e+004	8.881954628405e+001
8.912509381337e+004	8.868085565436e+001
1.000000000000e+005	8.852468057324e+001
1.122018454302e+005	8.834895685143e+001
1.258925411794e+005	8.815136426255e+001
1.412537544623e+005	8.792929713813e+001
1.584893192461e+005	8.767983174301e+001
1.778279410039e+005	8.739969023001e+001
1.995262314969e+005	8.708520102188e+001
2.238721138568e+005	8.673225555267e+001
2.511886431510e+005	8.633626143579e+001
2.818382931264e+005	8.589209233449e+001
3.162277660168e+005	8.539403511988e+001
3.548133892336e+005	8.483573535352e+001
3.981071705535e+005	8.421014277573e+001
4.466835921510e+005	8.350945938505e+001
5.011872336273e+005	8.272509394046e+001
5.623413251903e+005	8.184762840196e+001
6.309573444802e+005	8.086680405035e+001
7.079457843841e+005	7.977153788248e+001
7.943282347243e+005	7.854998340428e+001
8.912509381337e+005	7.718965406310e+001
1.000000000000e+006	7.567763196653e+001
1.122018454302e+006	7.400088853251e+001
1.258925411794e+006	7.214674601116e+001
1.412537544623e+006	7.010350730816e+001
1.584893192461e+006	6.786127322131e+001
1.778279410039e+006	6.541294743258e+001
1.995262314969e+006	6.275539707034e+001
2.238721138568e+006	5.989068940938e+001
2.511886431510e+006	5.682726775650e+001
2.818382931264e+006	5.358087473717e+001
3.162277660168e+006	5.017500129190e+001
3.548133892336e+006	4.664066128974e+001
3.981071705535e+006	4.301538328020e+001
4.466835921510e+006	3.934146667206e+001
5.011872336273e+006	3.566372962691e+001
5.623413251903e+006	3.202711498532e+001
6.309573444802e+006	2.847455701446e+001
7.079457843841e+006	2.504542140523e+001
7.943282347243e+006	2.177464244198e+001
8.912509381337e+006	1.869246300703e+001
1.000000000000e+007	1.582451183367e+001
---- End Trace: 1 "V(2)"

---- Trace: 3 LEFT BOTTOM "V(vout)"
1.000000000000e+000	1.799999818438e+002
1.122018454302e+000	1.799999796284e+002
1.258925411794e+000	1.799999771427e+002
1.412537544623e+000	1.799999743536e+002
1.584893192461e+000	1.799999712243e+002
1.778279410039e+000	1.799999677131e+002
1.995262314969e+000	1.799999637736e+002
2.238721138568e+000	1.799999593533e+002
2.511886431510e+000	1.799999543936e+002
2.818382931264e+000	1.799999488288e+002
3.162277660168e+000	1.799999425850e+002
3.548133892336e+000	1.799999355793e+002
3.981071705535e+000	1.799999277188e+002
4.466835921510e+000	1.799999188991e+002
5.011872336273e+000	1.799999090033e+002
5.623413251903e+000	1.799998979000e+002
6.309573444802e+000	1.799998854420e+002
7.079457843841e+000	1.799998714638e+002
7.943282347243e+000	1.799998557800e+002
8.912509381337e+000	1.799998381825e+002
1.000000000000e+001	1.799998184377e+002
1.122018454302e+001	1.799997962838e+002
1.258925411794e+001	1.799997714267e+002
1.412537544623e+001	1.799997435365e+002
1.584893192461e+001	1.799997122432e+002
1.778279410039e+001	1.799996771316e+002
1.995262314969e+001	1.799996377357e+002
2.238721138568e+001	1.799995935327e+002
2.511886431510e+001	1.799995439362e+002
2.818382931264e+001	1.799994882880e+002
3.162277660168e+001	1.799994258497e+002
3.548133892336e+001	1.799993557928e+002
3.981071705535e+001	1.799992771876e+002
4.466835921510e+001	1.799991889912e+002
5.011872336273e+001	1.799990900332e+002
5.623413251903e+001	1.799989790004e+002
6.309573444802e+001	1.799988544196e+002
7.079457843841e+001	1.799987146377e+002
7.943282347243e+001	1.799985577998e+002
8.912509381337e+001	1.799983818247e+002
1.000000000000e+002	1.799981843775e+002
1.122018454302e+002	1.799979628380e+002
1.258925411794e+002	1.799977142667e+002
1.412537544623e+002	1.799974353650e+002
1.584893192461e+002	1.799971224322e+002
1.778279410039e+002	1.799967713159e+002
1.995262314969e+002	1.799963773568e+002
2.238721138568e+002	1.799959353275e+002
2.511886431510e+002	1.799954393624e+002
2.818382931264e+002	1.799948828805e+002
3.162277660168e+002	1.799942584975e+002
3.548133892336e+002	1.799935579282e+002
3.981071705535e+002	1.799927718766e+002
4.466835921510e+002	1.799918899121e+002
5.011872336273e+002	1.799909003318e+002
5.623413251903e+002	1.799897900043e+002
6.309573444802e+002	1.799885441964e+002
7.079457843841e+002	1.799871463770e+002
7.943282347243e+002	1.799855779978e+002
8.912509381337e+002	1.799838182475e+002
1.000000000000e+003	1.799818437751e+002
1.122018454302e+003	1.799796283807e+002
1.258925411794e+003	1.799771426673e+002
1.412537544623e+003	1.799743536510e+002
1.584893192461e+003	1.799712243234e+002
1.778279410039e+003	1.799677131601e+002
1.995262314969e+003	1.799637735702e+002
2.238721138568e+003	1.799593532779e+002
2.511886431510e+003	1.799543936285e+002
2.818382931264e+003	1.799488288108e+002
3.162277660168e+003	1.799425849831e+002
3.548133892336e+003	1.799355792939e+002
3.981071705535e+003	1.799277187823e+002
4.466835921510e+003	1.799188991447e+002
5.011872336273e+003	1.799090033505e+002
5.623413251903e+003	1.798979000896e+002
6.309573444802e+003	1.798854420300e+002
7.079457843841e+003	1.798714638628e+002
7.943282347243e+003	1.798557801092e+002
8.912509381337e+003	1.798381826594e+002
1.000000000000e+004	1.798184380118e+002
1.122018454302e+004	1.797962841751e+002
1.258925411794e+004	1.797714271932e+002
1.412537544623e+004	1.797435372453e+002
1.584893192461e+004	1.797122442721e+002
1.778279410039e+004	1.796771330677e+002
1.995262314969e+004	1.796377377740e+002
2.238721138568e+004	1.795935357051e+002
2.511886431510e+004	1.795439404189e+002
2.818382931264e+004	1.794882939467e+002
3.162277660168e+004	1.794258580784e+002
3.548133892336e+004	1.793558045888e+002
3.981071705535e+004	1.792772042789e+002
4.466835921510e+004	1.791890146910e+002
5.011872336273e+004	1.790900663375e+002
5.623413251903e+004	1.789790472723e+002
6.309573444802e+004	1.788544858060e+002
7.079457843841e+004	1.787147311544e+002
7.943282347243e+004	1.785579317831e+002
8.912509381337e+004	1.783820111900e+002
1.000000000000e+005	1.781846408489e+002
1.122018454302e+005	1.779632100120e+002
1.258925411794e+005	1.777147920566e+002
1.412537544623e+005	1.774361070475e+002
1.584893192461e+005	1.771234801829e+002
1.778279410039e+005	1.767727958099e+002
1.995262314969e+005	1.763794467263e+002
2.238721138568e+005	1.759382785593e+002
2.511886431510e+005	1.754435291302e+002
2.818382931264e+005	1.748887629076e+002
3.162277660168e+005	1.742668009408e+002
3.548133892336e+005	1.735696471006e+002
3.981071705535e+005	1.727884120785e+002
4.466835921510e+005	1.719132374792e+002
5.011872336273e+005	1.709332235700e+002
5.623413251903e+005	1.698363659190e+002
6.309573444802e+005	1.686095083653e+002
7.079457843841e+005	1.672383226181e+002
7.943282347243e+005	1.657073283157e+002
8.912509381337e+005	1.639999715224e+002
1.000000000000e+006	1.620987841013e+002
1.122018454302e+006	1.599856505013e+002
1.258925411794e+006	1.576422109449e+002
1.412537544623e+006	1.550504287410e+002
1.584893192461e+006	1.521933414901e+002
1.778279410039e+006	1.490559977105e+002
1.995262314969e+006	1.456265486407e+002
2.238721138568e+006	1.418974187835e+002
2.511886431510e+006	1.378664226885e+002
2.818382931264e+006	1.335376425880e+002
3.162277660168e+006	1.289218541545e+002
3.548133892336e+006	1.240363124936e+002
3.981071705535e+006	1.189038060586e+002
4.466835921510e+006	1.135510464480e+002
5.011872336273e+006	1.080066466929e+002
5.623413251903e+006	1.022990835405e+002
6.309573444802e+006	9.645507722184e+001
7.079457843841e+006	9.049872852630e+001
7.943282347243e+006	8.445155308635e+001
8.912509381337e+006	7.833331138256e+001
1.000000000000e+007	7.216332434023e+001
---- End Trace: 3 "V(vout)"

---- Trace: 4 LEFT BOTTOM "V(vout)/(-V(2))"
1.000000000000e+000	-1.795992314805e+000
1.122018454302e+000	-2.014965689683e+000
1.258925411794e+000	-2.260587466193e+000
1.412537544623e+000	-2.536080266588e+000
1.584893192461e+000	-2.845048030000e+000
1.778279410039e+000	-3.191517667807e+000
1.995262314969e+000	-3.579983823745e+000
2.238721138568e+000	-4.015456321112e+000
2.511886431510e+000	-4.503509524072e+000
2.818382931264e+000	-5.050332318283e+000
3.162277660168e+000	-5.662776683715e+000
3.548133892336e+000	-6.348401816447e+000
3.981071705535e+000	-7.115509357376e+000
4.466835921510e+000	-7.973163434512e+000
5.011872336273e+000	-8.931186785587e+000
5.623413251903e+000	-1.000012117237e+001
6.309573444802e+000	-1.119113658925e+001
7.079457843841e+000	-1.251586959017e+001
7.943282347243e+000	-1.398616686654e+001
8.912509381337e+000	-1.561370688710e+001
1.000000000000e+001	-1.740947160919e+001
1.122018454302e+001	-1.938304446218e+001
1.258925411794e+001	-2.154172330152e+001
1.412537544623e+001	-2.388946162661e+001
1.584893192461e+001	-2.642569067259e+001
1.778279410039e+001	-2.914412840861e+001
1.995262314969e+001	-3.203174139172e+001
2.238721138568e+001	-3.506807518256e+001
2.511886431510e+001	-3.822518320999e+001
2.818382931264e+001	-4.146833716352e+001
3.162277660168e+001	-4.475758223883e+001
3.548133892336e+001	-4.805002569456e+001
3.981071705535e+001	-5.130256740369e+001
4.466835921510e+001	-5.447466239140e+001
5.011872336273e+001	-5.753069650113e+001
5.623413251903e+001	-6.044166105449e+001
6.309573444802e+001	-6.318598727444e+001
7.079457843841e+001	-6.574958068430e+001
7.943282347243e+001	-6.812522545014e+001
8.912509381337e+001	-7.031158605378e+001
1.000000000000e+002	-7.231202695478e+001
1.122018454302e+002	-7.413342468537e+001
1.258925411794e+002	-7.578508711864e+001
1.412537544623e+002	-7.727783956255e+001
1.584893192461e+002	-7.862329581164e+001
1.778279410039e+002	-7.983330561932e+001
1.995262314969e+002	-8.091955602579e+001
2.238721138568e+002	-8.189329877195e+001
2.511886431510e+002	-8.276517629940e+001
2.818382931264e+002	-8.354512188835e+001
3.162277660168e+002	-8.424231362405e+001
3.548133892336e+002	-8.486516610914e+001
3.981071705535e+002	-8.542134762374e+001
4.466835921510e+002	-8.591781359046e+001
5.011872336273e+002	-8.636084973383e+001
5.623413251903e+002	-8.675612024705e+001
6.309573444802e+002	-8.710871774991e+001
7.079457843841e+002	-8.742321287421e+001
7.943282347243e+002	-8.770370209511e+001
8.912509381337e+002	-8.795385296811e+001
1.000000000000e+003	-8.817694631063e+001
1.122018454302e+003	-8.837591513237e+001
1.258925411794e+003	-8.855338028512e+001
1.412537544623e+003	-8.871168292174e+001
1.584893192461e+003	-8.885291391735e+001
1.778279410039e+003	-8.897894044844e+001
1.995262314969e+003	-8.909142994368e+001
2.238721138568e+003	-8.919187162379e+001
2.511886431510e+003	-8.928159584861e+001
2.818382931264e+003	-8.936179147628e+001
3.162277660168e+003	-8.943352143062e+001
3.548133892336e+003	-8.949773665845e+001
3.981071705535e+003	-8.955528864353e+001
4.466835921510e+003	-8.960694063163e+001
5.011872336273e+003	-8.965337770584e+001
5.623413251903e+003	-8.969521584030e+001
6.309573444802e+003	-8.973301004758e+001
7.079457843841e+003	-8.976726172471e+001
7.943282347243e+003	-8.979842529345e+001
8.912509381337e+003	-8.982691422067e+001
1.000000000000e+004	-8.985310649838e+001
1.122018454302e+004	-8.987734965473e+001
1.258925411794e+004	-8.989996536216e+001
1.412537544623e+004	-8.992125370347e+001
1.584893192461e+004	-8.994149715210e+001
1.778279410039e+004	-8.996096431911e+001
1.995262314969e+004	-8.997991351666e+001
2.238721138568e+004	-8.999859618504e+001
2.511886431510e+004	-9.001726022859e+001
2.818382931264e+004	-9.003615330486e+001
3.162277660168e+004	-9.005552611056e+001
3.548133892336e+004	-9.007563570771e+001
3.981071705535e+004	-9.009674893437e+001
4.466835921510e+004	-9.011914594492e+001
5.011872336273e+004	-9.014312392685e+001
5.623413251903e+004	-9.016900104344e+001
6.309573444802e+004	-9.019712065436e+001
7.079457843841e+004	-9.022785587019e+001
7.943282347243e+004	-9.026161450098e+001
8.912509381337e+004	-9.029884446433e+001
1.000000000000e+005	-9.034003972432e+001
1.122018454302e+005	-9.038574683947e+001
1.258925411794e+005	-9.043657220589e+001
1.412537544623e+005	-9.049319009064e+001
1.584893192461e+005	-9.055635156014e+001
1.778279410039e+005	-9.062689442011e+001
1.995262314969e+005	-9.070575429554e+001
2.238721138568e+005	-9.079397699337e+001
2.511886431510e+005	-9.089273230558e+001
2.818382931264e+005	-9.100332942689e+001
3.162277660168e+005	-9.112723417911e+001
3.548133892336e+005	-9.126608825290e+001
3.981071705535e+005	-9.142173069717e+001
4.466835921510e+005	-9.159622190585e+001
5.011872336273e+005	-9.179187037046e+001
5.623413251903e+005	-9.201126248294e+001
6.309573444802e+005	-9.225729568505e+001
7.079457843841e+005	-9.253321526441e+001
7.943282347243e+005	-9.284265508852e+001
8.912509381337e+005	-9.318968254069e+001
1.000000000000e+006	-9.357884786520e+001
1.122018454302e+006	-9.401523803117e+001
1.258925411794e+006	-9.450453506623e+001
1.412537544623e+006	-9.505307856716e+001
1.584893192461e+006	-9.566793173121e+001
1.778279410039e+006	-9.635694972207e+001
1.995262314969e+006	-9.712884842963e+001
2.238721138568e+006	-9.799327062588e+001
2.511886431510e+006	-9.896084506804e+001
2.818382931264e+006	-1.000432321491e+002
3.162277660168e+006	-1.012531471374e+002
3.548133892336e+006	-1.026043487962e+002
3.981071705535e+006	-1.041115772216e+002
4.466835921510e+006	-1.057904202240e+002
5.011872336273e+006	-1.076570829340e+002
5.623413251903e+006	-1.097280314448e+002
6.309573444802e+006	-1.120194797926e+002
7.079457843841e+006	-1.145466928789e+002
7.943282347243e+006	-1.173230893556e+002
8.912509381337e+006	-1.203591516245e+002
1.000000000000e+007	-1.236611874934e+002
---- End Trace: 4 "V(vout)/(-V(2))"
---- End Graph: 
---- End Page: "AC Analysis"

